--<<data_0902_SkillDisplayEff 导表开始>>
data_0902_SkillDisplayEff = {

	[10001] = {
		path = "skillani_10006.plist",
		anitime = 0.700000,
		delaytime = 0.000000,
		sound = 0,
		offx = 0,
		offy = 0,
		posType = 2,
		scale = 1.000000,
		keeptimes = 1.000000,
		loopspace = 0.000000,
	},

	[10002] = {
		path = "drug_hp.plist",
		anitime = 0.700000,
		delaytime = 0.000000,
		sound = 0,
		offx = 0,
		offy = 0,
		posType = 2,
		scale = 1.000000,
		keeptimes = 1.000000,
		loopspace = 0.000000,
	},

	[10003] = {
		path = "eff_confuse.plist",
		anitime = 0.800000,
		delaytime = 0.000000,
		sound = 0,
		offx = 0,
		offy = 0,
		posType = 1,
		scale = 1.000000,
		keeptimes = -1.000000,
		loopspace = 0.000000,
	},

}
return data_0902_SkillDisplayEff
--<<data_0902_SkillDisplayEff 导表结束>>